timeout,active,inactive,run_time,idle_time,sleep_time,timeout_waiting_time,total_time,total_time_no_dpm,transitions_number,transitions_time,transition_energy,total_energy,total_energy_no_dpm
0.0,2.547000,1089.439000,2.556900,1089.350400,0.000000,0.009900,1091.986500,1091.986000,198,0.079200,0.0019800000,0.6934801680,30.1388136000
0.5,2.547000,1089.439000,2.556900,1089.350400,0.000000,0.009900,1091.986500,1091.986000,198,0.079200,0.0019800000,0.6934801680,30.1388136000
1.0,2.547000,1089.439000,2.652800,1089.254500,0.000000,0.105800,1091.986500,1091.986000,198,0.079200,0.0019800000,0.6960723450,30.1388136000
1.5,2.547000,1089.439000,2.652800,1089.254500,0.000000,0.105800,1091.986500,1091.986000,198,0.079200,0.0019800000,0.6960723450,30.1388136000
2.0,2.547000,1089.439000,2.751700,1089.155600,0.000000,0.204700,1091.986500,1091.986000,198,0.079200,0.0019800000,0.6987456120,30.1388136000
2.5,2.547000,1089.439000,2.751700,1089.155600,0.000000,0.204700,1091.986500,1091.986000,198,0.079200,0.0019800000,0.6987456120,30.1388136000
3.0,2.547000,1089.439000,2.850700,1089.056600,0.000000,0.303700,1091.986500,1091.986000,198,0.079200,0.0019800000,0.7014215820,30.1388136000
3.5,2.547000,1089.439000,2.850700,1089.056600,0.000000,0.303700,1091.986500,1091.986000,198,0.079200,0.0019800000,0.7014215820,30.1388136000
4.0,2.547000,1089.439000,2.949700,1088.957600,0.000000,0.402700,1091.986500,1091.986000,198,0.079200,0.0019800000,0.7040975520,30.1388136000
4.5,2.547000,1089.439000,2.949700,1088.957600,0.000000,0.402700,1091.986500,1091.986000,198,0.079200,0.0019800000,0.7040975520,30.1388136000
5.0,2.547000,1089.439000,3.048800,1088.858500,0.000000,0.501800,1091.986500,1091.986000,198,0.079200,0.0019800000,0.7067762250,30.1388136000
5.5,2.547000,1089.439000,3.048800,1088.858500,0.000000,0.501800,1091.986500,1091.986000,198,0.079200,0.0019800000,0.7067762250,30.1388136000
6.0,2.547000,1089.439000,3.147800,1088.759500,0.000000,0.600800,1091.986500,1091.986000,198,0.079200,0.0019800000,0.7094521950,30.1388136000
6.5,2.547000,1089.439000,3.147800,1088.759500,0.000000,0.600800,1091.986500,1091.986000,198,0.079200,0.0019800000,0.7094521950,30.1388136000
7.0,2.547000,1089.439000,3.246800,1088.660500,0.000000,0.699800,1091.986500,1091.986000,198,0.079200,0.0019800000,0.7121281650,30.1388136000
7.5,2.547000,1089.439000,3.246800,1088.660500,0.000000,0.699800,1091.986500,1091.986000,198,0.079200,0.0019800000,0.7121281650,30.1388136000
8.0,2.547000,1089.439000,3.345800,1088.561500,0.000000,0.798800,1091.986500,1091.986000,198,0.079200,0.0019800000,0.7148041350,30.1388136000
8.5,2.547000,1089.439000,3.345800,1088.561500,0.000000,0.798800,1091.986500,1091.986000,198,0.079200,0.0019800000,0.7148041350,30.1388136000
9.0,2.547000,1089.439000,3.444800,1088.462500,0.000000,0.897800,1091.986500,1091.986000,198,0.079200,0.0019800000,0.7174801050,30.1388136000
9.5,2.547000,1089.439000,3.444800,1088.462500,0.000000,0.897800,1091.986500,1091.986000,198,0.079200,0.0019800000,0.7174801050,30.1388136000
10.0,2.547000,1089.439000,3.543800,1088.363500,0.000000,0.996800,1091.986500,1091.986000,198,0.079200,0.0019800000,0.7201560750,30.1388136000
10.5,2.547000,1089.439000,3.543800,1088.363500,0.000000,0.996800,1091.986500,1091.986000,198,0.079200,0.0019800000,0.7201560750,30.1388136000
11.0,2.547000,1089.439000,3.642800,1088.264500,0.000000,1.095800,1091.986500,1091.986000,198,0.079200,0.0019800000,0.7228320450,30.1388136000
11.5,2.547000,1089.439000,3.642800,1088.264500,0.000000,1.095800,1091.986500,1091.986000,198,0.079200,0.0019800000,0.7228320450,30.1388136000
12.0,2.547000,1089.439000,3.741800,1088.165500,0.000000,1.194800,1091.986500,1091.986000,198,0.079200,0.0019800000,0.7255080150,30.1388136000
12.5,2.547000,1089.439000,3.741800,1088.165500,0.000000,1.194800,1091.986500,1091.986000,198,0.079200,0.0019800000,0.7255080150,30.1388136000
13.0,2.547000,1089.439000,3.840800,1088.066500,0.000000,1.293800,1091.986500,1091.986000,198,0.079200,0.0019800000,0.7281839850,30.1388136000
13.5,2.547000,1089.439000,3.840800,1088.066500,0.000000,1.293800,1091.986500,1091.986000,198,0.079200,0.0019800000,0.7281839850,30.1388136000
14.0,2.547000,1089.439000,3.939800,1087.967500,0.000000,1.392800,1091.986500,1091.986000,198,0.079200,0.0019800000,0.7308599550,30.1388136000
14.5,2.547000,1089.439000,3.939800,1087.967500,0.000000,1.392800,1091.986500,1091.986000,198,0.079200,0.0019800000,0.7308599550,30.1388136000
15.0,2.547000,1089.439000,4.038800,1087.868500,0.000000,1.491800,1091.986500,1091.986000,198,0.079200,0.0019800000,0.7335359250,30.1388136000
15.5,2.547000,1089.439000,4.038800,1087.868500,0.000000,1.491800,1091.986500,1091.986000,198,0.079200,0.0019800000,0.7335359250,30.1388136000
16.0,2.547000,1089.439000,4.137800,1087.769500,0.000000,1.590800,1091.986500,1091.986000,198,0.079200,0.0019800000,0.7362118950,30.1388136000
16.5,2.547000,1089.439000,4.137800,1087.769500,0.000000,1.590800,1091.986500,1091.986000,198,0.079200,0.0019800000,0.7362118950,30.1388136000
17.0,2.547000,1089.439000,4.236800,1087.670500,0.000000,1.689800,1091.986500,1091.986000,198,0.079200,0.0019800000,0.7388878650,30.1388136000
17.5,2.547000,1089.439000,4.236800,1087.670500,0.000000,1.689800,1091.986500,1091.986000,198,0.079200,0.0019800000,0.7388878650,30.1388136000
18.0,2.547000,1089.439000,4.335800,1087.571500,0.000000,1.788800,1091.986500,1091.986000,198,0.079200,0.0019800000,0.7415638350,30.1388136000
18.5,2.547000,1089.439000,4.335800,1087.571500,0.000000,1.788800,1091.986500,1091.986000,198,0.079200,0.0019800000,0.7415638350,30.1388136000
19.0,2.547000,1089.439000,4.434800,1087.472500,0.000000,1.887800,1091.986500,1091.986000,198,0.079200,0.0019800000,0.7442398050,30.1388136000
19.5,2.547000,1089.439000,4.434800,1087.472500,0.000000,1.887800,1091.986500,1091.986000,198,0.079200,0.0019800000,0.7442398050,30.1388136000
20.0,2.547000,1089.439000,4.533700,1087.373600,0.000000,1.986700,1091.986500,1091.986000,198,0.079200,0.0019800000,0.7469130720,30.1388136000
20.5,2.547000,1089.439000,4.533700,1087.373600,0.000000,1.986700,1091.986500,1091.986000,198,0.079200,0.0019800000,0.7469130720,30.1388136000
21.0,2.547000,1089.439000,4.632700,1087.274600,0.000000,2.085700,1091.986500,1091.986000,198,0.079200,0.0019800000,0.7495890420,30.1388136000
21.5,2.547000,1089.439000,4.632700,1087.274600,0.000000,2.085700,1091.986500,1091.986000,198,0.079200,0.0019800000,0.7495890420,30.1388136000
22.0,2.547000,1089.439000,4.731700,1087.175600,0.000000,2.184700,1091.986500,1091.986000,198,0.079200,0.0019800000,0.7522650120,30.1388136000
22.5,2.547000,1089.439000,4.731700,1087.175600,0.000000,2.184700,1091.986500,1091.986000,198,0.079200,0.0019800000,0.7522650120,30.1388136000
23.0,2.547000,1089.439000,4.830700,1087.076600,0.000000,2.283700,1091.986500,1091.986000,198,0.079200,0.0019800000,0.7549409820,30.1388136000
23.5,2.547000,1089.439000,4.830700,1087.076600,0.000000,2.283700,1091.986500,1091.986000,198,0.079200,0.0019800000,0.7549409820,30.1388136000
24.0,2.547000,1089.439000,4.929700,1086.977600,0.000000,2.382700,1091.986500,1091.986000,198,0.079200,0.0019800000,0.7576169520,30.1388136000
24.5,2.547000,1089.439000,4.929700,1086.977600,0.000000,2.382700,1091.986500,1091.986000,198,0.079200,0.0019800000,0.7576169520,30.1388136000
25.0,2.547000,1089.439000,5.028700,1086.878600,0.000000,2.481700,1091.986500,1091.986000,198,0.079200,0.0019800000,0.7602929220,30.1388136000
25.5,2.547000,1089.439000,5.028700,1086.878600,0.000000,2.481700,1091.986500,1091.986000,198,0.079200,0.0019800000,0.7602929220,30.1388136000
26.0,2.547000,1089.439000,5.127700,1086.779600,0.000000,2.580700,1091.986500,1091.986000,198,0.079200,0.0019800000,0.7629688920,30.1388136000
26.5,2.547000,1089.439000,5.127700,1086.779600,0.000000,2.580700,1091.986500,1091.986000,198,0.079200,0.0019800000,0.7629688920,30.1388136000
27.0,2.547000,1089.439000,5.226700,1086.680600,0.000000,2.679700,1091.986500,1091.986000,198,0.079200,0.0019800000,0.7656448620,30.1388136000
27.5,2.547000,1089.439000,5.226700,1086.680600,0.000000,2.679700,1091.986500,1091.986000,198,0.079200,0.0019800000,0.7656448620,30.1388136000
28.0,2.547000,1089.439000,5.325700,1086.581600,0.000000,2.778700,1091.986500,1091.986000,198,0.079200,0.0019800000,0.7683208320,30.1388136000
28.5,2.547000,1089.439000,5.325700,1086.581600,0.000000,2.778700,1091.986500,1091.986000,198,0.079200,0.0019800000,0.7683208320,30.1388136000
29.0,2.547000,1089.439000,5.424700,1086.482600,0.000000,2.877700,1091.986500,1091.986000,198,0.079200,0.0019800000,0.7709968020,30.1388136000
29.5,2.547000,1089.439000,5.424700,1086.482600,0.000000,2.877700,1091.986500,1091.986000,198,0.079200,0.0019800000,0.7709968020,30.1388136000
30.0,2.547000,1089.439000,5.523700,1086.383600,0.000000,2.976700,1091.986500,1091.986000,198,0.079200,0.0019800000,0.7736727720,30.1388136000
30.5,2.547000,1089.439000,5.523700,1086.383600,0.000000,2.976700,1091.986500,1091.986000,198,0.079200,0.0019800000,0.7736727720,30.1388136000
31.0,2.547000,1089.439000,5.622700,1086.284600,0.000000,3.075700,1091.986500,1091.986000,198,0.079200,0.0019800000,0.7763487420,30.1388136000
31.5,2.547000,1089.439000,5.622700,1086.284600,0.000000,3.075700,1091.986500,1091.986000,198,0.079200,0.0019800000,0.7763487420,30.1388136000
32.0,2.547000,1089.439000,5.721700,1086.185600,0.000000,3.174700,1091.986500,1091.986000,198,0.079200,0.0019800000,0.7790247120,30.1388136000
32.5,2.547000,1089.439000,5.721700,1086.185600,0.000000,3.174700,1091.986500,1091.986000,198,0.079200,0.0019800000,0.7790247120,30.1388136000
33.0,2.547000,1089.439000,5.820700,1086.086600,0.000000,3.273700,1091.986500,1091.986000,198,0.079200,0.0019800000,0.7817006820,30.1388136000
33.5,2.547000,1089.439000,5.820700,1086.086600,0.000000,3.273700,1091.986500,1091.986000,198,0.079200,0.0019800000,0.7817006820,30.1388136000
34.0,2.547000,1089.439000,5.919700,1085.987600,0.000000,3.372700,1091.986500,1091.986000,198,0.079200,0.0019800000,0.7843766520,30.1388136000
34.5,2.547000,1089.439000,5.919700,1085.987600,0.000000,3.372700,1091.986500,1091.986000,198,0.079200,0.0019800000,0.7843766520,30.1388136000
35.0,2.547000,1089.439000,6.018700,1085.888600,0.000000,3.471700,1091.986500,1091.986000,198,0.079200,0.0019800000,0.7870526220,30.1388136000
35.5,2.547000,1089.439000,6.018700,1085.888600,0.000000,3.471700,1091.986500,1091.986000,198,0.079200,0.0019800000,0.7870526220,30.1388136000
36.0,2.547000,1089.439000,6.117700,1085.789600,0.000000,3.570700,1091.986500,1091.986000,198,0.079200,0.0019800000,0.7897285920,30.1388136000
36.5,2.547000,1089.439000,6.117700,1085.789600,0.000000,3.570700,1091.986500,1091.986000,198,0.079200,0.0019800000,0.7897285920,30.1388136000
37.0,2.547000,1089.439000,6.216700,1085.690600,0.000000,3.669700,1091.986500,1091.986000,198,0.079200,0.0019800000,0.7924045620,30.1388136000
37.5,2.547000,1089.439000,6.216700,1085.690600,0.000000,3.669700,1091.986500,1091.986000,198,0.079200,0.0019800000,0.7924045620,30.1388136000
38.0,2.547000,1089.439000,6.315700,1085.591600,0.000000,3.768700,1091.986500,1091.986000,198,0.079200,0.0019800000,0.7950805320,30.1388136000
38.5,2.547000,1089.439000,6.315700,1085.591600,0.000000,3.768700,1091.986500,1091.986000,198,0.079200,0.0019800000,0.7950805320,30.1388136000
39.0,2.547000,1089.439000,6.414700,1085.492600,0.000000,3.867700,1091.986500,1091.986000,198,0.079200,0.0019800000,0.7977565020,30.1388136000
39.5,2.547000,1089.439000,6.414700,1085.492600,0.000000,3.867700,1091.986500,1091.986000,198,0.079200,0.0019800000,0.7977565020,30.1388136000
40.0,2.547000,1089.439000,6.513700,1085.393600,0.000000,3.966700,1091.986500,1091.986000,198,0.079200,0.0019800000,0.8004324720,30.1388136000
40.5,2.547000,1089.439000,6.513700,1085.393600,0.000000,3.966700,1091.986500,1091.986000,198,0.079200,0.0019800000,0.8004324720,30.1388136000
41.0,2.547000,1089.439000,6.612700,1085.294600,0.000000,4.065700,1091.986500,1091.986000,198,0.079200,0.0019800000,0.8031084420,30.1388136000
41.5,2.547000,1089.439000,6.612700,1085.294600,0.000000,4.065700,1091.986500,1091.986000,198,0.079200,0.0019800000,0.8031084420,30.1388136000
42.0,2.547000,1089.439000,6.711700,1085.195600,0.000000,4.164700,1091.986500,1091.986000,198,0.079200,0.0019800000,0.8057844120,30.1388136000
42.5,2.547000,1089.439000,6.711700,1085.195600,0.000000,4.164700,1091.986500,1091.986000,198,0.079200,0.0019800000,0.8057844120,30.1388136000
43.0,2.547000,1089.439000,6.810700,1085.096600,0.000000,4.263700,1091.986500,1091.986000,198,0.079200,0.0019800000,0.8084603820,30.1388136000
43.5,2.547000,1089.439000,6.810700,1085.096600,0.000000,4.263700,1091.986500,1091.986000,198,0.079200,0.0019800000,0.8084603820,30.1388136000
44.0,2.547000,1089.439000,6.909700,1084.997600,0.000000,4.362700,1091.986500,1091.986000,198,0.079200,0.0019800000,0.8111363520,30.1388136000
44.5,2.547000,1089.439000,6.909700,1084.997600,0.000000,4.362700,1091.986500,1091.986000,198,0.079200,0.0019800000,0.8111363520,30.1388136000
45.0,2.547000,1089.439000,7.008700,1084.898600,0.000000,4.461700,1091.986500,1091.986000,198,0.079200,0.0019800000,0.8138123220,30.1388136000
45.5,2.547000,1089.439000,7.008700,1084.898600,0.000000,4.461700,1091.986500,1091.986000,198,0.079200,0.0019800000,0.8138123220,30.1388136000
46.0,2.547000,1089.439000,7.107700,1084.799600,0.000000,4.560700,1091.986500,1091.986000,198,0.079200,0.0019800000,0.8164882920,30.1388136000
46.5,2.547000,1089.439000,7.107700,1084.799600,0.000000,4.560700,1091.986500,1091.986000,198,0.079200,0.0019800000,0.8164882920,30.1388136000
47.0,2.547000,1089.439000,7.206700,1084.700600,0.000000,4.659700,1091.986500,1091.986000,198,0.079200,0.0019800000,0.8191642620,30.1388136000
47.5,2.547000,1089.439000,7.206700,1084.700600,0.000000,4.659700,1091.986500,1091.986000,198,0.079200,0.0019800000,0.8191642620,30.1388136000
48.0,2.547000,1089.439000,7.305700,1084.601600,0.000000,4.758700,1091.986500,1091.986000,198,0.079200,0.0019800000,0.8218402320,30.1388136000
48.5,2.547000,1089.439000,7.305700,1084.601600,0.000000,4.758700,1091.986500,1091.986000,198,0.079200,0.0019800000,0.8218402320,30.1388136000
49.0,2.547000,1089.439000,7.404700,1084.502600,0.000000,4.857700,1091.986500,1091.986000,198,0.079200,0.0019800000,0.8245162020,30.1388136000
49.5,2.547000,1089.439000,7.404700,1084.502600,0.000000,4.857700,1091.986500,1091.986000,198,0.079200,0.0019800000,0.8245162020,30.1388136000
50.0,2.547000,1089.439000,7.503700,1084.403600,0.000000,4.956700,1091.986500,1091.986000,198,0.079200,0.0019800000,0.8271921720,30.1388136000
