  0.01050000,  2.49710000
  0.02160000,  2.60630000
  0.03210000,  2.67530000
  0.04720000,  2.75570000
  0.06940000,  2.85060000
  0.09150000,  2.92820000
  0.10900000,  2.97700000
  0.13410000,  3.03160000
  0.15390000,  3.06320000
  0.17140000,  3.08620000
  0.19420000,  3.12360000
  0.21920000,  3.15800000
  0.24900000,  3.18970000
  0.28400000,  3.22410000
  0.31140000,  3.25000000
  0.34170000,  3.27300000
  0.37610000,  3.29890000
  0.41690000,  3.33330000
  0.45710000,  3.36490000
  0.48750000,  3.38790000
  0.51660000,  3.41950000
  0.54230000,  3.44540000
  0.56790000,  3.46550000
  0.59710000,  3.49140000
  0.61980000,  3.52010000
  0.64960000,  3.55460000
  0.67350000,  3.57760000
  0.69390000,  3.59480000
  0.72890000,  3.63220000
  0.75920000,  3.66380000
  0.79180000,  3.69540000
  0.81400000,  3.72130000
  0.84370000,  3.75570000
  0.87000000,  3.78450000
  0.89740000,  3.80750000
  0.92890000,  3.84480000
  0.95740000,  3.87930000
  0.97550000,  3.90520000
  0.98890000,  3.93100000
  0.99650000,  3.97410000
 
